start=23.316667
speed=1.000010
