start=135.423000
speed=1.948795
pause=yes
audio-delay=0.000000
fullscreen=yes
