start=8845.291667
video-aspect-override=2.350000
