start=58.155028
volume=45.000000
