start=33.410407
speed=1.000090
